%YAML:1.0
---
camera_matrix: !!opencv-matrix
   rows: 3
   cols: 3
   dt: d
   data: [ 1058.7061958193606, 0., 961.39219600584761, 0.,
       1058.0946212307097, 525.06480023565985, 0., 0., 1. ]
distortion_coefficients: !!opencv-matrix
   rows: 1
   cols: 5
   dt: d
   data: [ -0.10002160129545278, 0.10591939323757628,
       -0.0019453533467450152, -0.000264265355255901,
       -0.051124887425914263 ]
mean_error: 0.27473181974200245
