%YAML:1.0
---
camera_matrix: !!opencv-matrix
   rows: 3
   cols: 3
   dt: d
   data: [ 1058.7061958214915, 0., 961.39219601510342, 0.,
       1058.0946212338254, 525.0648002308634, 0., 0., 1. ]
distortion_coefficients: !!opencv-matrix
   rows: 1
   cols: 5
   dt: d
   data: [ -0.10002160129780539, 0.10591939324785435,
       -0.0019453533476229247, -0.00026426535394858856,
       -0.051124887433449721 ]
mean_error: 0.27473181974200361
