%YAML:1.0
---
left_R: !!opencv-matrix
   rows: 3
   cols: 3
   dt: d
   data: [ 0.99999821429406677, 0.00060771964891427372,
       -0.0017894372037251007, -0.00061291490284099694,
       0.99999559504559488, -0.0029041736739929586, 0.001787664397930263,
       0.0029052652607226559, 0.99999418182795707 ]
right_R: !!opencv-matrix
   rows: 3
   cols: 3
   dt: d
   data: [ 0.99992477597574259, 7.6589445550513633e-05,
       0.012265256781566213, -0.00011221693850195647,
       0.99999577683358432, 0.0029040871810592055, -0.012264982560918663,
       -0.0029052450935006229, 0.99992056172164345 ]
left_P: !!opencv-matrix
   rows: 3
   cols: 4
   dt: d
   data: [ 969.87792701398587, 0., 963.46269989013672, 0., 0.,
       969.87792701398587, 535.19428253173828, 0., 0., 0., 1., 0. ]
right_P: !!opencv-matrix
   rows: 3
   cols: 4
   dt: d
   data: [ 969.87792701398587, 0., 963.46269989013672,
       -121.8500753902586, 0., 969.87792701398587, 535.19428253173828,
       0., 0., 0., 1., 0. ]
Q: !!opencv-matrix
   rows: 4
   cols: 4
   dt: d
   data: [ 1., 0., 0., -963.46269989013672, 0., 1., 0.,
       -535.19428253173828, 0., 0., 0., 969.87792701398587, 0., 0.,
       7.9596005493446214, 0. ]
