%YAML:1.0
---
left_R: !!opencv-matrix
   rows: 3
   cols: 3
   dt: d
   data: [ 0.99999821429398927, 0.00060771964678788264,
       -0.00178943724774924, -0.00061291490087801292,
       0.99999559504553848, -0.0029041736938132104,
       0.0017876644419482354, 0.0029052652805661239, 0.99999418182782063 ]
right_R: !!opencv-matrix
   rows: 3
   cols: 3
   dt: d
   data: [ 0.99992477597456386, 7.6589442192991162e-05,
       0.01226525687767728, -0.00011221693566695071, 0.99999577683352692,
       0.0029040872009043566, -0.012264982657036853,
       -0.0029052451133168644, 0.99992056172040689 ]
left_P: !!opencv-matrix
   rows: 3
   cols: 4
   dt: d
   data: [ 969.87792691212496, 0., 963.46269989013672, 0., 0.,
       969.87792691212496, 535.19428253173828, 0., 0., 0., 1., 0. ]
right_P: !!opencv-matrix
   rows: 3
   cols: 4
   dt: d
   data: [ 969.87792691212496, 0., 963.46269989013672,
       -121.85007538196864, 0., 969.87792691212496, 535.19428253173828,
       0., 0., 0., 1., 0. ]
Q: !!opencv-matrix
   rows: 4
   cols: 4
   dt: d
   data: [ 1., 0., 0., -963.46269989013672, 0., 1., 0.,
       -535.19428253173828, 0., 0., 0., 969.87792691212496, 0., 0.,
       7.9596005490501938, 0. ]
