%YAML:1.0
---
camera_matrix: !!opencv-matrix
   rows: 3
   cols: 3
   dt: d
   data: [ 1059.910341357984, 0., 983.08958034662533, 0.,
       1059.934609099962, 554.03892302315558, 0., 0., 1. ]
distortion_coefficients: !!opencv-matrix
   rows: 1
   cols: 5
   dt: d
   data: [ -0.10903015204545334, 0.12913704423936503,
       -0.00044556504798531384, 0.0031641419524843484,
       -0.068606212258426155 ]
mean_error: 0.34886972322754234
