%YAML:1.0
---
camera_matrix: !!opencv-matrix
   rows: 3
   cols: 3
   dt: d
   data: [ 1059.9103413671926, 0., 983.0895804946615, 0.,
       1059.9346091034308, 554.03892306895182, 0., 0., 1. ]
distortion_coefficients: !!opencv-matrix
   rows: 1
   cols: 5
   dt: d
   data: [ -0.10903015198797893, 0.12913704392588662,
       -0.00044556503623092216, 0.0031641419837797661,
       -0.068606211912031645 ]
mean_error: 0.34886972322754217
