%YAML:1.0
---
image_width: 1920
image_height: 1080
stereo_rotation: !!opencv-matrix
   rows: 3
   cols: 3
   dt: d
   data: [ 0.99990113350893606, 0.00045982446203316559,
       -0.014053888038863821, -0.0005415166103939638,
       0.99998297793481761, -0.0058095266911071929, 0.014050977450180151,
       0.0058165627374021645, 0.99988436212924958 ]
stereo_translation: !!opencv-matrix
   rows: 3
   cols: 1
   dt: d
   data: [ -0.12562499459773563, -9.6222720877458399e-06,
       -0.0015409387446127954 ]
left_camera_matrix: !!opencv-matrix
   rows: 3
   cols: 3
   dt: d
   data: [ 1058.7061958193606, 0., 961.39219600584761, 0.,
       1058.0946212307097, 525.06480023565985, 0., 0., 1. ]
left_distortion_coefficients: !!opencv-matrix
   rows: 1
   cols: 5
   dt: d
   data: [ -0.10002160129545278, 0.10591939323757628,
       -0.0019453533467450152, -0.000264265355255901,
       -0.051124887425914263 ]
right_camera_matrix: !!opencv-matrix
   rows: 3
   cols: 3
   dt: d
   data: [ 1059.9103413671926, 0., 983.0895804946615, 0.,
       1059.9346091034308, 554.03892306895182, 0., 0., 1. ]
right_distortion_coefficients: !!opencv-matrix
   rows: 1
   cols: 5
   dt: d
   data: [ -0.10903015198797893, 0.12913704392588662,
       -0.00044556503623092216, 0.0031641419837797661,
       -0.068606211912031645 ]
essential_matrix: !!opencv-matrix
   rows: 3
   cols: 3
   dt: d
   data: [ -9.6964625393186538e-07, 0.0015408565461037678,
       -1.8573284154879077e-05, 0.00022436756886561548,
       0.0007299971011342696, 0.12563212377143884, 7.764934202279427e-05,
       -0.12562285177633298, 0.00072968652885114138 ]
fundamental_matrix: !!opencv-matrix
   rows: 3
   cols: 3
   dt: d
   data: [ 5.2370877265713868e-10, -8.3270213970330862e-07,
       0.00044733948843197682, -1.2117880447829177e-07,
       -3.9449242185187843e-07, -0.071512464095521283,
       2.2171727349694168e-05, 0.072992892920185182, 1. ]
