%YAML:1.0
---
image_width: 1920
image_height: 1080
stereo_rotation: !!opencv-matrix
   rows: 3
   cols: 3
   dt: d
   data: [ 0.99990113351090593, 0.00045982446184762179,
       -0.014053887898720543, -0.0005415166088360801,
       0.99998297793504876, -0.0058095266514730202, 0.014050977310061812,
       0.0058165626976855664, 0.99988436213144971 ]
stereo_translation: !!opencv-matrix
   rows: 3
   cols: 1
   dt: d
   data: [ -0.12562499459323681, -9.6222725091168925e-06,
       -0.0015409387324796131 ]
left_camera_matrix: !!opencv-matrix
   rows: 3
   cols: 3
   dt: d
   data: [ 1058.7061958214915, 0., 961.39219601510342, 0.,
       1058.0946212338254, 525.0648002308634, 0., 0., 1. ]
left_distortion_coefficients: !!opencv-matrix
   rows: 1
   cols: 5
   dt: d
   data: [ -0.10002160129780539, 0.10591939324785435,
       -0.0019453533476229247, -0.00026426535394858856,
       -0.051124887433449721 ]
right_camera_matrix: !!opencv-matrix
   rows: 3
   cols: 3
   dt: d
   data: [ 1059.910341357984, 0., 983.08958034662533, 0.,
       1059.934609099962, 554.03892302315558, 0., 0., 1. ]
right_distortion_coefficients: !!opencv-matrix
   rows: 1
   cols: 5
   dt: d
   data: [ -0.10903015204545334, 0.12913704423936503,
       -0.00044556504798531384, 0.0031641419524843484,
       -0.068606212258426155 ]
essential_matrix: !!opencv-matrix
   rows: 3
   cols: 3
   dt: d
   data: [ -9.6964624953336071e-07, 0.0015408565339690796,
       -1.8573284444660696e-05, 0.00022436756332898443,
       0.00072999709612456959, 0.12563212376683047,
       7.7649342245997304e-05, -0.12562285177186308,
       0.00072968652384138933 ]
fundamental_matrix: !!opencv-matrix
   rows: 3
   cols: 3
   dt: d
   data: [ 5.2370876713038953e-10, -8.3270212813447736e-07,
       0.0004473394824607249, -1.2117880075823252e-07,
       -3.9449241676849696e-07, -0.07151246366665738,
       2.2171725428667513e-05, 0.072992892469651321, 1. ]
