%YAML:1.0
---
camera_matrix: !!opencv-matrix
   rows: 3
   cols: 3
   dt: d
   data: [ 1077.2011230120745, 0., 970.81329779990676, 0.,
       1076.7071664748757, 557.339401144048, 0., 0., 1. ]
distortion_coefficients: !!opencv-matrix
   rows: 1
   cols: 5
   dt: d
   data: [ -0.10357293697131381, 0.1380729433575956,
       0.00013293436388823397, 0.0014511974332053971,
       -0.079239658964205151 ]
image_width: 1920
image_height: 1080
mean_error: 0.55906501480737913
