%YAML:1.0
---
A: 0.99985181901881026
B: 0.0081727327019977501
C: 0.015150790242029966
D: -0.04344295051137588
