%YAML:1.0
---
camera_matrix: !!opencv-matrix
   rows: 3
   cols: 3
   dt: d
   data: [ 1543.2197680654697, 0., 967.06729470644621, 0.,
       1540.7332615748244, 550.47939351576781, 0., 0., 1. ]
distortion_coefficients: !!opencv-matrix
   rows: 1
   cols: 5
   dt: d
   data: [ -0.14724110727240663, 0.65075911218498828,
       0.00098296913814622448, -0.0011125899906339319,
       -0.83335598505734099 ]
image_width: 1920
image_height: 1080
mean_error: 0.25445010510530286
