%YAML:1.0
---
camera_matrix: !!opencv-matrix
   rows: 3
   cols: 3
   dt: d
   data: [ 1175.1849593440559, 0., 963.67830727907915, 0.,
       1175.9793553060856, 545.46417772539598, 0., 0., 1. ]
distortion_coefficients: !!opencv-matrix
   rows: 1
   cols: 5
   dt: d
   data: [ -0.11029792882804072, 0.23036432674475632,
       0.000737277890294655, 0.0015676143772384429, -0.16137510815120021 ]
image_width: 1920
image_height: 1080
mean_error: 0.24866738058161653
