%YAML:1.0
---
A: 0.15705695311387066
B: 0.98694092940878231
C: 0.035787083372596507
D: -0.02445403329045652
