%YAML:1.0
---
A: 0.33665849813365106
B: -0.44126497246597185
C: 0.8318330840433068
D: -0.40677454351471831
