%YAML:1.0
---
camera_matrix: !!opencv-matrix
   rows: 3
   cols: 3
   dt: d
   data: [ 1007.4544869794573, 0., 942.05085125440689, 0.,
       1005.604205583193, 560.50371017508269, 0., 0., 1. ]
distortion_coefficients: !!opencv-matrix
   rows: 1
   cols: 5
   dt: d
   data: [ -0.12575445402717594, 0.084823757684138495,
       0.00432355646537462, -0.00054770853928695, -0.039309763357041907 ]
mean_error: 0.28506118965290589
