%YAML:1.0
---
camera_matrix: !!opencv-matrix
   rows: 3
   cols: 3
   dt: d
   data: [ 1007.4544870109587, 0., 942.05085105371575, 0.,
       1005.6042055700054, 560.50370973040071, 0., 0., 1. ]
distortion_coefficients: !!opencv-matrix
   rows: 1
   cols: 5
   dt: d
   data: [ -0.12575445409553709, 0.08482375792978325,
       0.0043235564377536242, -0.00054770857035803179,
       -0.039309763504323088 ]
mean_error: 0.28506118965290844
