%YAML:1.0
---
camera_matrix: !!opencv-matrix
   rows: 3
   cols: 3
   dt: d
   data: [ 1016.4425641769585, 0., 965.49882679615723, 0.,
       1013.5308405859081, 565.94900572322797, 0., 0., 1. ]
distortion_coefficients: !!opencv-matrix
   rows: 1
   cols: 5
   dt: d
   data: [ -0.1222450334800107, 0.072000474169391662,
       0.005138654409459039, -0.0018588440096023251,
       -0.031883663749881795 ]
mean_error: 0.27651567587152354
