%YAML:1.0
---
camera_matrix: !!opencv-matrix
   rows: 3
   cols: 3
   dt: d
   data: [ 1016.4425641850121, 0., 965.49882680393125, 0.,
       1013.5308405927608, 565.94900571126846, 0., 0., 1. ]
distortion_coefficients: !!opencv-matrix
   rows: 1
   cols: 5
   dt: d
   data: [ -0.1222450334846744, 0.072000474180827237,
       0.0051386544084101897, -0.0018588440102834795,
       -0.031883663755484015 ]
mean_error: 0.27651567587152476
