%YAML:1.0
---
image_width: 1920
image_height: 1080
stereo_rotation: !!opencv-matrix
   rows: 3
   cols: 3
   dt: d
   data: [ 0.99998228388448906, -0.0012024820812534954,
       -0.0058297473363281378, 0.0012225676463167229,
       0.99999332545133668, 0.0034430191877583296, 0.0058255682565171571,
       -0.003450085451312286, 0.99997707956976056 ]
stereo_translation: !!opencv-matrix
   rows: 3
   cols: 1
   dt: d
   data: [ -0.11872577054233142, 0.00021950635982783388,
       0.0067753814006359086 ]
left_camera_matrix: !!opencv-matrix
   rows: 3
   cols: 3
   dt: d
   data: [ 1007.4544870109587, 0., 942.05085105371575, 0.,
       1005.6042055700054, 560.50370973040071, 0., 0., 1. ]
left_distortion_coefficients: !!opencv-matrix
   rows: 1
   cols: 5
   dt: d
   data: [ -0.12575445409553709, 0.08482375792978325,
       0.0043235564377536242, -0.00054770857035803179,
       -0.039309763504323088 ]
right_camera_matrix: !!opencv-matrix
   rows: 3
   cols: 3
   dt: d
   data: [ 1016.4425641850121, 0., 965.49882680393125, 0.,
       1013.5308405927608, 565.94900571126846, 0., 0., 1. ]
right_distortion_coefficients: !!opencv-matrix
   rows: 1
   cols: 5
   dt: d
   data: [ -0.1222450334846744, 0.072000474180827237,
       0.0051386544084101897, -0.0018588440102834795,
       -0.031883663755484015 ]
essential_matrix: !!opencv-matrix
   rows: 3
   cols: 3
   dt: d
   data: [ -7.0046128099568821e-06, -0.0067760934937215493,
       0.00019617356048085599, 0.0074669064472983309,
       -0.00041776132837186133, 0.11868355053491712,
       -0.00036465275687688525, -0.11872471414893393,
       -0.00040749543944212631 ]
fundamental_matrix: !!opencv-matrix
   rows: 3
   cols: 3
   dt: d
   data: [ 3.9040752092111226e-08, 3.783657227434563e-05,
       -0.022345856683085231, -4.1736942047019658e-05,
       2.3394108842207043e-06, -0.63033050683729885,
       0.025649125642687589, 0.63598420110338771, 0.99999999999999989 ]
