%YAML:1.0
---
left_R: !!opencv-matrix
   rows: 3
   cols: 3
   dt: d
   data: [ 0.99802206273080929, -0.0028497925593654189,
       -0.062800007841631159, 0.0029589415508590082, 0.99999426912776856,
       0.0016451068410743856, 0.062794959729575037,
       -0.0018276744755385097, 0.99802477556349889 ]
right_R: !!opencv-matrix
   rows: 3
   cols: 3
   dt: d
   data: [ 0.99837391664952579, -0.0018458457056502767,
       -0.05697469093831533, 0.0017468233793562274, 0.9999968762572794,
       -0.0017877594258592876, 0.05697781289209821,
       0.0016853276578595886, 0.99837402235270456 ]
left_P: !!opencv-matrix
   rows: 3
   cols: 4
   dt: d
   data: [ 765.59750608074887, 0., 1073.775146484375, 0., 0.,
       765.59750608074887, 597.86196136474609, 0., 0., 0., 1., 0. ]
right_P: !!opencv-matrix
   rows: 3
   cols: 4
   dt: d
   data: [ 765.59750608074887, 0., 1073.775146484375,
       -91.044199273256822, 0., 765.59750608074887, 597.86196136474609,
       0., 0., 0., 1., 0. ]
Q: !!opencv-matrix
   rows: 4
   cols: 4
   dt: d
   data: [ 1., 0., 0., -1073.775146484375, 0., 1., 0.,
       -597.86196136474609, 0., 0., 0., 765.59750608074887, 0., 0.,
       8.4090750667476559, 0. ]
