%YAML:1.0
---
image_width: 1920
image_height: 1080
stereo_rotation: !!opencv-matrix
   rows: 3
   cols: 3
   dt: d
   data: [ 0.99998228388551458, -0.0012024820848954461,
       -0.0058297471596570945, 0.001222567651660279, 0.99999332544996422,
       0.0034430195844675359, 0.0058255680793497158,
       -0.0034500858478331568, 0.99997707956942461 ]
stereo_translation: !!opencv-matrix
   rows: 3
   cols: 1
   dt: d
   data: [ -0.1187257705187383, 0.00021950638934707399,
       0.0067753814166330653 ]
left_camera_matrix: !!opencv-matrix
   rows: 3
   cols: 3
   dt: d
   data: [ 1007.4544869794573, 0., 942.05085125440689, 0.,
       1005.604205583193, 560.50371017508269, 0., 0., 1. ]
left_distortion_coefficients: !!opencv-matrix
   rows: 1
   cols: 5
   dt: d
   data: [ -0.12575445402717594, 0.084823757684138495,
       0.00432355646537462, -0.00054770853928695, -0.039309763357041907 ]
right_camera_matrix: !!opencv-matrix
   rows: 3
   cols: 3
   dt: d
   data: [ 1016.4425641769585, 0., 965.49882679615723, 0.,
       1013.5308405859081, 565.94900572322797, 0., 0., 1. ]
right_distortion_coefficients: !!opencv-matrix
   rows: 1
   cols: 5
   dt: d
   data: [ -0.1222450334800107, 0.072000474169391662,
       0.005138654409459039, -0.0018588440096023251,
       -0.031883663749881795 ]
essential_matrix: !!opencv-matrix
   rows: 3
   cols: 3
   dt: d
   data: [ -7.0046127326421567e-06, -0.0067760935098981831,
       0.00019617358725641107, 0.0074669064421303676,
       -0.00041776137541162084, 0.11868355051238841,
       -0.00036465278700140115, -0.11872471412514173,
       -0.00040749548632719164 ]
fundamental_matrix: !!opencv-matrix
   rows: 3
   cols: 3
   dt: d
   data: [ 3.904074661740398e-08, 3.7836567474777748e-05,
       -0.02234585401258786, -4.1736936625968104e-05,
       2.3394108452955999e-06, -0.63033042542204709, 0.02564912248418813,
       0.63598411853412373, 1. ]
